[IMG_4007.JPG]
filters=crop64=1,ffffc1c6;fill=1,0.140187;
crop=rect64(ffffc1c6)
moddate=0b1ec0a6f339d201
width=3456
height=2304
textactive=0
[12274236_10206955093708738_4398598781654690599_n.jpg]
filters=Boost=1,63.742691;
moddate=3d519aaef739d201
width=960
height=640
textactive=0
